$age
[1] "Age 3"

$model
ETS(A,N,N) 

Call:
 ets(y = series, lambda = BoxCox.lambda(series, method = "guerrero")) 

  Box-Cox transformation: lambda= 0.4443 

  Smoothing parameters:
    alpha = 1e-04 

  Initial states:
    l = 246.1963 

  sigma:  88.937

     AIC     AICc      BIC 
483.3109 483.6537 486.5860 

$original.data
     CY   BY     T3
1  1979 1976  84312
2  1980 1977  27138
3  1981 1978  64197
4  1982 1979  67414
5  1983 1980  35899
6  1984 1981  29041
7  1985 1982  66208
8  1986 1983   4076
9  1987 1984  78863
10 1988 1985  32630
11 1989 1986  76029
12 1990 1987  78636
13 1991 1988  74017
14 1992 1989  70990
15 1993 1990  47341
16 1994 1991   5904
17 1995 1992   3127
18 1996 1993  58827
19 1997 1994  54497
20 1998 1995   8872
21 1999 1996   7293
22 2000 1997   3934
23 2001 1998  59400
24 2002 1999  47607
25 2003 2000  43887
26 2004 2001 108071
27 2005 2002  29385
28 2006 2003  76354
29 2007 2004   7337
30 2008 2005  40174
31 2009 2006  25075
32 2010 2007  58577
33 2011 2008  16068
34 2012 2009  14658
35 2013 2010  83043
36 2014 2011  17682
37 2015 2012 119529
38 2016 2013  45935

$model.data
     CY   BY     T3
1  1979 1976  84312
2  1980 1977  27138
3  1981 1978  64197
4  1982 1979  67414
5  1983 1980  35899
6  1984 1981  29041
7  1985 1982  66208
8  1986 1983   4076
9  1987 1984  78863
10 1988 1985  32630
11 1989 1986  76029
12 1990 1987  78636
13 1991 1988  74017
14 1992 1989  70990
15 1993 1990  47341
16 1994 1991   5904
17 1995 1992   3127
18 1996 1993  58827
19 1997 1994  54497
20 1998 1995   8872
21 1999 1996   7293
22 2000 1997   3934
23 2001 1998  59400
24 2002 1999  47607
25 2003 2000  43887
26 2004 2001 108071
27 2005 2002  29385
28 2006 2003  76354
29 2007 2004   7337
30 2008 2005  40174
31 2009 2006  25075
32 2010 2007  58577
33 2011 2008  16068
34 2012 2009  14658
35 2013 2010  83043
36 2014 2011  17682
37 2015 2012 119529
38 2016 2013  45935

attr(,"class")
[1] "expsmooth"
